18
3
1
2
3
0
4
73
13
23
33
4
100
300
200
150
5
89
43
21
58
76
6
898
989
173
399
417
604
5
34
56
21
68
89
6
397
172
201
99
255
301
7
1001
204
203
199
798
205
301
8
24
71
27
10
23
6
42
61
9
57
89
111
117
39
98
112
44
56
10
899
900
898
901
897
902
896
903
895
904
12
888
999
335
877
233
100
462
344
455
211
566
887
15
399
1002
3678
543
3799
549
7777
777
8787
8686
8888
878
8788
8786
9999
19
120
140
60
40
100
110
160
80
150
90
130
50
0
20
170
30
180
70
10
100
184
191
45
118
150
167
287
93
164
259
50000
50001
145
50002
276
216
5
272
30
66
247
196
239
78
50003
182
185
235
273
168
153
133
223
50004
43
270
174
128
188
50005
80
170
178
75
160
25
50006
199
103
260
23
50007
89
50008
208
204
131
104
126
135
96
157
54
229
205
50009
58
99
233
50010
179
84
257
40
114
50011
50012
136
108
50013
155
64
285
202
267
51
42
161
195
197
222
254
50014
253
224
50015
50016
50017
293
109
900
125
1741
706
631
1865
33
833
183
906
754
1748
509
1622
462
1296
383
257
683
31
187
1726
1005
1192
270
440
232
353
519
656
35
147
156
1912
766
1949
1067
1328
629
1755
1363
46
5
1688
340
819
783
498
900
12
1675
1453
1380
726
335
1115
243
1382
1855
1994
801
471
1063
318
1734
437
1751
1409
1795
922
1182
984
329
807
1306
584
1065
662
1023
1129
653
60000
60010
1561
325
1189
1720
1524
932
1628
1036
1011
348
1992
621
562
246
701
1727
487
1271
401
627
671
960
60020
889
395
693
551
1797
1996
1248
1966
710
1834
470
661
1187
1771
1866
484
54
290
545
1099
30
1574
870
136
447
277
1935
635
541
441
432
60030
777
778
1678
60040
1898
60050
1894
101
560
1449
1711
108
630
57
174
756
1142
60060
457
60070
17
291
1309
750
991
1270
211
849
675
765
1825
160
482
1083
1693
577
758
1479
1864
1371
1391
60080
60090
1779
60100
1125
582
757
60110
424
1594
1045
719
800
1171
214
694
415
1436
155
1422
659
1515
1964
846
824
60120
1419
1216
431
28
60130
1432
60140
826
1346
1909
263
1116
767
326
302
685
477
1679
60150
1360
1705
1148
60160
1696
60170
581
451
1942
885
658
60180
350
483
753
1987
60190
820
406
20
1339
832
1810
840
166
569
1543
26
1211
375
314
1514
380
208
1738
1614
1528
250
60200
1782
1450
1459
41
836
880
769
720
1212
1663
1126
591
1320
1764
1383
119
1231
60210
60220
445
967
331
60230
216
1080
60240
368
104
60250
1917
60260
233
67
143
190
1369
1539
60270
1933
182
1713
1804
55
523
529
1310
493
60280
660
60290
1137
385
1882
884
1232
1616
60300
322
1108
60310
210
1829
537
294
60320
29
622
42
60330
413
1982
1307
874
717
1664
1763
1623
703
60340
667
896
1124
1918
60350
1229
0
1439
619
60360
1947
83
1682
60370
681
1358
1904
1260
877
731
485
763
601
1277
902
159
505
1207
895
1811
817
585
1930
1018
339
1292
1584
1624
60380
1376
1504
60390
740
1220
62
1995
1106
550
60400
1560
60410
764
145
52
195
1298
60420
1113
264
60430
60440
924
506
60450
881
60460
815
1491
60470
60480
222
1467
728
834
1667
416
1322
1446
1415
60490
1481
1599
975
1706
1496
1184
60500
1413
847
1519
994
60510
1057
60520
612
1012
60530
60540
1168
60550
727
1266
1056
488
60560
60570
225
1535
990
60580
60590
60600
1976
583
60610
813
1263
60620
737
574
1086
60630
60640
1780
60650
806
886
242
170
1357
382
347
1318
1922
372
1103
1999
1673
1511
60660
81
1647
692
1032
4
1034
1653
60670
60680
722
293
1156
1107
60690
151
1079
929
951
600
63
1723
1008
1809
684
60700
1210
306
327
927
60710
988
60720
940
1934
365
912
964
60730
113
1617
227
89
60740
60750
1687
636
1202
60760
60770
60780
1937
1812
1861
714
98
742
60790
1152
978
60800
60810
1874
60820
60830
60840
93
1170
212
1361
831
1743
739
60850
60860
463
60870
60880
60890
472
135
511
744
60900
408
1407
1586
60910
60920
1558
702
1420
573
1373
1570
386
679
60930
215
60940
411
1875
1009
1670
873
60950
60960
677
186
650
60970
354
60980
788
105
60990
965
1362
352
1545
852
61000
1276
648
459
1149
61010
628
316
1097
61020
1424
61030
593
1709
926
61040
85
1215
1506
1112
394
1559
838
1316
492
1183
1919
1105
133
284
464
61050
61060
913
61070
218
61080
61090
1397
804
1122
1941
1305
61100
1940
61110
1839
356
1886
1538
1788
1387
61120
867
749
61130
61140
1075
521
61150
1
61160
229
61170
88
61180
61190
468
1091
1750
317
999
1850
362
1646
61200
61210
469
1569
61220
1249
393
812
61230
444
61240
512
1595
871
61250
1908
58
654
384
61260
324
1710
1088
61270
175
122
61280
61290
957
1466
1448
935
1120
61300
480
61310
61320
61330
139
1851
1044
61340
1321
1845
61350
61360
61370
1094
1557
419
61380
501
1003
1562
61390
61400
61410
1859
466
34
61420
61430
696
61440
579
61450
1525
1352
632
594
61460
1087
61470
61480
61490
1606
1102
1568
557
61500
321
568
13
193
674
1635
1629
1868
507
103
92
239
61510
61520
61530
61540
713
1932
61550
1421
61560
258
61570
61580
931
1841
128
1946
285
818
646
1186
61590
711
201
61600
1475
61610
1470
173
1899
61620
61630
179
366
1896
1532
539
76
1261
61640
61650
1787
1611
213
955
1468
1728
1418
1384
1579
888
1428
61660
61670
61680
61690
423
61700
61710
61720
1816
1822
1583
1794
61730
61740
61750
61760
981
61770
403
1236
61780
1656
61790
116
61800
138
1534
61810
61820
1889
185
799
1279
163
61830
61840
61850
61860
1265
478
1540
1610
690
1405
1537
730
452
1700
1978
1668
61870
883
51
209
1401
61880
61890
918
1218
61900
61910
1620
61920
61930
1490
61940
61950
1666
418
1337
61960
254
235
184
1745
1193
554
985
61970
1443
61980
2000
25354
12398
9142
5938
30132
3197
22949
1112
14767
30085
31201
8936
11371
19783
4341
30680
32604
32376
8601
29324
15776
7116
6009
9361
29922
30037
22328
8589
25982
6155
4021
7030
32230
27564
12429
3843
9540
25286
10721
5216
6497
28945
22873
10278
25541
15363
18536
138
10784
14751
8146
17109
24040
12686
29804
11540
3908
21616
20771
2064
26409
23924
8768
30080
3266
29222
26091
28286
31254
13449
17901
1592
997
15206
32442
17640
6354
25827
14254
12038
31688
14167
12439
19643
32150
17501
26740
17818
31196
16936
8572
25739
6955
20246
26210
6151
10856
4999
29912
17035
28017
13807
12626
28486
22787
21802
2060
16149
6620
32016
24398
8626
14620
18762
32495
12073
24561
10852
4376
13707
32371
290
8266
20197
22989
1048
13986
4979
17822
9077
604
15378
3231
24352
9111
18676
19589
17158
1879
151
18729
32178
29648
23288
31462
17694
10722
11524
23618
32200
16352
10319
15057
22537
6549
776
3927
22434
8585
23597
8493
31128
10112
12283
30950
27715
2116
28841
26161
3489
676
5973
7425
9200
23997
16703
11756
1147
17528
11573
24017
7348
31316
11598
8382
4483
19814
24795
15377
26846
27038
19099
21469
29082
29003
5934
26511
23936
32481
10188
465
16804
29690
13623
8110
28914
14748
7918
4855
25866
21946
15012
25574
10574
31229
14320
30210
31800
28612
27718
29762
6898
1385
6950
18549
27424
24774
3731
8673
30464
23287
5063
20267
28598
18786
12325
28535
81234
22517
8815
16079
18546
22703
1081
457
2494
11362
8094
21604
27346
10423
19761
24628
5382
8050
28214
15807
18901
27383
22291
1318
16619
9229
15873
21000
11392
81244
519
16035
22501
15697
24105
6716
5212
15455
23773
24257
26669
13067
8126
10670
13302
5191
20356
15405
16963
5698
18484
18049
30046
30952
21908
81254
1897
5548
5090
25135
4265
7301
18629
21371
18469
8758
18564
25094
12912
25555
15222
13848
12995
25473
22458
14246
12878
17021
25383
22646
20944
31840
4486
18820
22886
26529
4863
8101
23200
8027
26322
11114
14554
14928
17992
2119
3018
29487
15336
9972
4181
9746
15085
22292
7079
18251
19192
5141
17538
14176
7171
6487
14038
6228
5782
400
26003
2088
15421
30063
3771
25762
27705
11647
17851
31821
24694
19279
30715
20673
30397
19920
8116
20004
6699
9470
6402
7153
24802
10434
19770
27384
12798
30487
10365
25767
1995
32109
3469
8071
8757
12618
15328
15625
15743
15415
23539
5251
8504
7898
9697
3958
7019
3936
22068
6930
15383
5918
25851
21244
25822
13175
13085
18766
257
32256
8684
4064
31116
8162
18685
26310
14798
5248
15928
13337
22540
32602
9259
10491
13943
6449
29347
14293
12378
30829
11646
16355
10136
14523
32187
4595
1622
17914
24787
12905
2293
20056
25164
31879
25667
8120
5003
2795
7154
29784
13802
2393
7497
29360
19210
21435
29209
25757
32619
1638
8179
27070
9017
25503
1944
10526
9577
12894
22705
17940
17669
31314
28096
7272
27844
16676
9303
1975
27870
11520
1416
14873
1822
12370
21148
26112
313
8909
18951
16228
12638
27570
14492
6173
14606
8527
11006
7056
25134
16838
21335
28045
21083
26895
30540
12408
2173
10304
31280
13991
22687
25100
22391
25356
23038
20618
8558
32020
31583
6200
22570
31694
12710
3136
11454
3152
29861
2042
1202
22359
32306
433
20912
18989
32636
15018
4479
26320
16543
12386
2614
24400
24181
13080
5801
121
6831
17803
5928
12210
29221
10757
23145
37
28011
16536
4802
8992
24485
6824
11163
14267
1948
26538
4900
15804
18193
7978
19523
12215
25681
3091
23761
2170
2569
7467
27653
14248
31068
7901
9520
18851
8755
16955
12971
18095
5588
5443
25870
3413
81264
20577
23203
11270
20628
7478
15131
32257
10177
15000
23423
3959
1723
8666
24169
3308
27395
4429
9331
16864
27179
8198
8432
27311
19504
16098
26330
23990
8202
19144
524
20407
32386
5166
28849
14206
28484
32735
20733
5317
9269
9467
5915
7766
32518
3135
24422
7023
5386
29830
12507
27754
81274
16528
17358
1693
13509
29187
8413
26496
17717
21935
11299
17165
22959
17686
28846
29037
15826
8492
16434
24528
17172
27227
31486
2205
26714
6602
5168
14027
8134
8159
9765
6286
9936
11267
11060
25911
9369
8613
11932
6741
635
24193
2490
5153
13029
13858
384
1305
23142
18085
22562
4330
3847
2753
10002
81284
8670
19716
5423
13768
9952
24671
15674
15252
12023
16869
22665
8771
26709
2000
511
16511
6407
16837
9531
17337
10189
11865
28176
12747
10025
27091
19509
11739
5814
31283
24382
1154
20155
23668
24267
17197
18944
30479
21248
24260
81294
5568
12597
11658
20640
21132
12526
14405
3583
4099
27917
9886
23054
26819
9542
19146
19010
14397
13268
4202
27848
8380
2922
21168
22040
12963
20845
24004
11469
6389
26720
8038
10164
28443
32416
19156
12835
9186
30033
29678
10892
3524
13208
26008
28497
5224
14858
81304
11738
4972
2661
26209
10214
23137
81314
30054
25374
28183
12667
22611
30448
81324
8770
11969
27802
18815
28210
4585
25989
4569
11536
31171
31701
13198
12100
32111
4414
21585
25413
29395
25
4326
12114
12678
25271
30508
4963
31980
25845
24922
10079
22947
21520
5769
18831
21022
24763
21619
4435
28304
18287
9850
23059
25612
21251
81334
31353
16106
28028
16261
31709
3180
13094
31285
26113
18338
15332
15140
29439
3466
3780
4852
16255
23676
29654
8262
19245
25285
6207
29567
23915
8339
14473
24524
81344
24849
17725
23907
5023
20178
13748
24844
700
10099
32042
19680
21980
21116
22036
24145
20027
24456
22451
15723
27205
12198
2538
4442
14342
19966
27469
15915
11234
15288
7546
12247
20358
13081
11180
22141
23838
9711
8077
14319
6856
31536
22604
14960
2633
20446
22512
3260
16640
16173
31468
20297
31768
30184
19955
25293
17665
5393
30221
0
14880
10184
24299
31907
20421
12397
9079
25025
7518
4361
25776
14133
81354
21226
693
10348
29362
4494
27679
26220
2868
3267
30612
27413
11615
9739
31642
423
19205
19781
6312
14469
10637
8330
27011
8249
13545
17238
3528
31671
32456
12520
17092
17894
15884
3563
32396
12380
25214
15701
16714
32617
4288
15504
4310
26456
6788
2776
21126
20209
18172
8164
30534
6979
32657
81364
11755
26784
13528
27162
4036
21736
4034
31315
31602
16139
17171
8057
4602
8137
4373
19707
2585
24508
22925
22237
19928
20121
17390
81374
5727
8115
81384
18996
31246
4032
9621
19272
8394
6112
10620
14081
4757
20955
17077
13844
21602
29098
19687
3805
18215
30778
6623
3656
32051
876
4482
30705
31170
24416
3589
16778
3791
15603
18528
7550
19753
81394
26879
6355
15049
25602
4283
20565
17251
2840
28170
241
5947
8398
12914
30559
27706
28471
31812
8964
21825
23169
2182
20502
9149
3126
16689
19713
1916
25531
31645
32521
24767
20509
31545
10801
30864
30476
3199
28764
4949
19752
19495
19379
4518
892
28315
2118
4956
28232
7084
246
20714
18692
12931
9106
7921
31649
2522
64
20494
17682
108
26655
26871
28427
29097
24362
23238
28425
25263
25952
14228
6290
31606
23330
5450
17598
81404
1244
4788
4854
81414
29159
13015
9980
10080
19118
645
2091
30824
18960
15406
1537
1973
26118
24057
17882
17849
27526
26131
24062
81424
4519
10567
81434
32349
18437
30672
923
2663
17511
1131
11976
4901
81444
16816
16497
8965
12722
10657
16476
323
27961
9092
16270
26208
6663
31726
16401
21712
22284
8993
18933
27123
27513
9623
20885
15174
32549
4831
21276
5083
12848
18088
18247
9734
22502
18460
21868
1370
22758
13167
26299
31955
131
25015
32452
5461
14698
17150
32057
24661
32133
7829
11509
23254
32032
11692
17470
31896
16715
17440
14919
18316
19839
31636
5625
27530
1156
5315
6643
21062
21649
788
29136
10113
28342
22128
17576
12668
3447
30544
20697
3506
3770
26906
29959
9670
81454
1709
19041
28859
9021
27962
13350
21603
10652
2391
2152
15130
13120
31310
13841
12724
19709
16315
3107
8627
30361
25942
1604
31677
29558
8461
17017
26190
3696
5974
1074
17579
21769
14787
26759
10775
81464
81474
12225
3400
28110
6680
16412
20508
20963
20325
17867
28553
32368
21642
5181
28626
10997
30226
11423
22785
23726
3164
3490
22417
21618
16881
12414
21867
81484
81494
22327
7956
15783
16796
4126
26916
21854
7167
4764
18938
81504
28335
22827
31662
14643
81514
7333
31303
29330
29771
5313
21038
20072
18790
81524
13027
3207
1428
17395
6639
81534
9932
761
10778
17328
17459
11335
733
12180
16693
2416
11290
14846
14037
29752
27147
24974
1857
27619
3449
2104
20394
4019
81544
25068
11346
8876
81554
13942
743
31898
30751
31395
18191
3157
2449
1189
27972
20292
6493
24504
32738
25120
24038
774
2686
3834
29320
28616
20346
31872
22991
31407
31702
25212
28647
81564
19785
26525
24916
9736
24209
3194
31203
4904
3591
18388
24545
14671
12918
14363
3978
23826
4653
3636
10948
15125
20563
5498
28942
28715
17531
32003
29619
81574
28792
17956
23107
14194
2163
31799
19267
773
16699
6555
19748
23418
22747
15869
13170
28278
3442
6614
27726
13034
30271
13109
16926
29682
29436
26559
25987
765
9581
20468
21388
21807
10552
26548
27689
81584
32247
8193
19682
18741
22412
15878
17352
32223
18612
11096
28332
1250
31712
7037
23184
135
28224
10923
14171
4966
24864
22993
29649
23687
30071
3036
21953
81594
9661
26675
25216
81604
4606
18051
11159
18527
21037
1986
21433
14496
17082
110
24568
12634
32614
22550
81614
31026
87
540
483
21305
3431
13241
25566
17681
31682
31553
15036
2130
27056
23721
7730
11051
27823
5958
4299
9293
26053
30935
5853
24068
28692
25030
14780
31911
7599
24235
81624
25651
30380
31506
32030
16691
28283
12670
8596
6371
17270
7342
9956
9364
31928
19998
9254
31826
81634
28113
2535
21701
19197
1870
19230
21589
15851
10217
4705
17297
24673
12867
22361
7378
24424
2836
81644
16155
32513
808
15577
18500
7098
8872
8865
23128
27262
14747
7492
20539
27313
22956
2129
9616
15997
7470
21091
5593
23910
24413
25680
14048
21797
18919
2211
4695
3251
23467
26445
699
15780
19648
27031
22398
6070
29625
6747
1124
17066
4135
22132
24622
12882
7776
24947
81654
236
6271
12947
12506
17326
18604
3568
23388
81664
4254
15859
18441
5300
19037
273
81674
11530
9805
32693
24279
81684
81694
24186
20865
81704
81714
16542
31090
2366
13172
20148
31550
22258
19274
5528
18334
10730
22621
20904
2509
8065
25968
31281
21809
20884
26805
8488
22078
21467
7127
31515
2712
7033
5437
9062
17527
1233
1678
28842
32080
27548
17520
28027
15282
2360
31638
18777
4206
3395
14073
21986
28410
9321
7013
25669
25879
24954
81724
5882
30130
15552
11623
31665
6920
7567
14017
392
13326
8733
19576
8064
24848
6548
12509
16178
5016
25702
25451
16318
21905
12001
16647
9477
2988
14851
31110
18200
14083
9871
81734
5615
81744
30304
20227
17759
25713
14334
17787
30022
19214
4207
18833
10761
11770
5968
3138
10560
29369
14628
12497
3759
81754
5099
1807
11641
13483
503
15066
4496
7741
18171
7396
13680
15590
4965
26806
16397
20249
20973
11252
24329
2110
29550
13026
4395
341
81764
7719
29965
7389
23576
1489
81774
25076
1418
19866
16805
4799
81784
3689
22166
81794
11493
81804
28899
27702
10868
22149
30627
22345
5765
2226
826
15975
29379
12658
31183
3179
26286
25108
20481
10699
9709
30834
16853
8643
4325
3375
6131
8880
17290
5948
19731
23994
1653
26785
10162
2485
22072
26746
7177
3401
29934
11839
2623
5201
14870
25161
11486
5250
5281
1938
19332
1357
29513
4797
1499
20230
1829
29270
81814
13637
5242
27738
20461
16525
17877
29946
7491
27435
13654
25244
295
5473
8271
8995
130
1220
30990
81824
5950
29411
19190
29224
23806
28457
9429
21176
81834
6149
32113
23959
22674
28487
18020
6347
24078
19918
8490
23471
30976
14944
27257
31987
7909
10201
4048
8676
22121
24200
25427
4846
18905
5334
25046
14687
24023
31528
7992
10861
8273
16135
19698
25467
9140
81844
3823
7064
6748
15556
4767
20041
18000
29980
7239
25480
4396
4344
32411
6412
24670
17508
12430
81854
31125
31650
30057
10430
2935
4370
19226
32740
11923
6742
4815
19593
29334
4274
10180
26568
19393
22713
22617
12879
29850
27942
30056
13922
6114
12552
27605
11043
22216
11554
7271
15632
81864
15505
26070
16333
1862
81874
5413
11556
7864
5176
12337
81884
28577