9 28
18020131 18051201
18040301 18050106
18060301 18070430
18030331 18060228
18070205 18070228
18021101 18060731
18021014 18050201
18040212 18070331
18030301 18060301
18020327 18030301
18030201 18060228
18031001 18040201
18070214 18070901
18050312 18060201
18030131 18030218
18041216 18050531
18030114 18030331
18070112 18070114
18030831 18060101
18040201 18041201
18060101 18060731
18020930 18030112
18050202 18060131
18020101 18071207
18040201 18050121
18060101 18060101
18040201 18060331
18040102 18050131
18020301 18071212
18040202 18050213
18060101 18060310
18030301 18060218
18030101 18060531
18040229 18050201
18020331 18040112
18020101 18050701
18040920 18051223
0 0